900 1682 
0 0.0 0.02 
1 0.0 0.02103448275862069 
2 0.0 0.02206896551724138 
3 0.0 0.023103448275862068 
4 0.0 0.02413793103448276 
5 0.0 0.02517241379310345 
6 0.0 0.02620689655172414 
7 0.0 0.02724137931034483 
8 0.0 0.02827586206896552 
9 0.0 0.02931034482758621 
10 0.0 0.030344827586206897 
11 0.0 0.03137931034482759 
12 0.0 0.032413793103448274 
13 0.0 0.033448275862068964 
14 0.0 0.034482758620689655 
15 0.0 0.035517241379310345 
16 0.0 0.036551724137931035 
17 0.0 0.037586206896551726 
18 0.0 0.038620689655172416 
19 0.0 0.0396551724137931 
20 0.0 0.0406896551724138 
21 0.0 0.04172413793103448 
22 0.0 0.04275862068965518 
23 0.0 0.04379310344827586 
24 0.0 0.04482758620689656 
25 0.0 0.04586206896551724 
26 0.0 0.04689655172413793 
27 0.0 0.04793103448275862 
28 0.0 0.04896551724137931 
29 0.0 0.05 
30 0.003448275862068966 0.019700492216669932 
31 0.003448275862068966 0.02074530282988821 
32 0.003448275862068966 0.02179011344310649 
33 0.003448275862068966 0.022834924056324767 
34 0.003448275862068966 0.023879734669543046 
35 0.003448275862068966 0.024924545282761324 
36 0.003448275862068966 0.025969355895979603 
37 0.003448275862068966 0.027014166509197877 
38 0.003448275862068966 0.02805897712241616 
39 0.003448275862068966 0.029103787735634434 
40 0.003448275862068966 0.030148598348852716 
41 0.003448275862068966 0.03119340896207099 
42 0.003448275862068966 0.03223821957528927 
43 0.003448275862068966 0.03328303018850755 
44 0.003448275862068966 0.03432784080172582 
45 0.003448275862068966 0.035372651414944105 
46 0.003448275862068966 0.03641746202816239 
47 0.003448275862068966 0.03746227264138066 
48 0.003448275862068966 0.03850708325459894 
49 0.003448275862068966 0.03955189386781722 
50 0.003448275862068966 0.0405967044810355 
51 0.003448275862068966 0.041641515094253775 
52 0.003448275862068966 0.04268632570747205 
53 0.003448275862068966 0.04373113632069033 
54 0.003448275862068966 0.04477594693390861 
55 0.003448275862068966 0.04582075754712689 
56 0.003448275862068966 0.046865568160345164 
57 0.003448275862068966 0.04791037877356344 
58 0.003448275862068966 0.04895518938678172 
59 0.003448275862068966 0.05 
60 0.006896551724137932 0.018773320812160276 
61 0.006896551724137932 0.019850102853120267 
62 0.006896551724137932 0.020926884894080258 
63 0.006896551724137932 0.022003666935040248 
64 0.006896551724137932 0.02308044897600024 
65 0.006896551724137932 0.02415723101696023 
66 0.006896551724137932 0.025234013057920217 
67 0.006896551724137932 0.026310795098880208 
68 0.006896551724137932 0.027387577139840198 
69 0.006896551724137932 0.02846435918080019 
70 0.006896551724137932 0.02954114122176018 
71 0.006896551724137932 0.03061792326272017 
72 0.006896551724137932 0.03169470530368016 
73 0.006896551724137932 0.03277148734464015 
74 0.006896551724137932 0.03384826938560014 
75 0.006896551724137932 0.03492505142656013 
76 0.006896551724137932 0.036001833467520124 
77 0.006896551724137932 0.037078615508480114 
78 0.006896551724137932 0.038155397549440105 
79 0.006896551724137932 0.039232179590400096 
80 0.006896551724137932 0.040308961631360087 
81 0.006896551724137932 0.04138574367232008 
82 0.006896551724137932 0.04246252571328007 
83 0.006896551724137932 0.04353930775424006 
84 0.006896551724137932 0.04461608979520004 
85 0.006896551724137932 0.04569287183616004 
86 0.006896551724137932 0.046769653877120024 
87 0.006896551724137932 0.04784643591808002 
88 0.006896551724137932 0.048923217959040005 
89 0.006896551724137932 0.05 
90 0.010344827586206898 0.017116791235849457 
91 0.010344827586206898 0.018250694986337405 
92 0.010344827586206898 0.019384598736825357 
93 0.010344827586206898 0.02051850248731331 
94 0.010344827586206898 0.021652406237801257 
95 0.010344827586206898 0.022786309988289205 
96 0.010344827586206898 0.023920213738777157 
97 0.010344827586206898 0.02505411748926511 
98 0.010344827586206898 0.026188021239753057 
99 0.010344827586206898 0.027321924990241005 
100 0.010344827586206898 0.028455828740728956 
101 0.010344827586206898 0.029589732491216908 
102 0.010344827586206898 0.030723636241704856 
103 0.010344827586206898 0.031857539992192804 
104 0.010344827586206898 0.03299144374268076 
105 0.010344827586206898 0.03412534749316871 
106 0.010344827586206898 0.035259251243656656 
107 0.010344827586206898 0.036393154994144604 
108 0.010344827586206898 0.03752705874463255 
109 0.010344827586206898 0.03866096249512051 
110 0.010344827586206898 0.039794866245608455 
111 0.010344827586206898 0.040928769996096404 
112 0.010344827586206898 0.04206267374658436 
113 0.010344827586206898 0.04319657749707231 
114 0.010344827586206898 0.044330481247560255 
115 0.010344827586206898 0.0454643849980482 
116 0.010344827586206898 0.04659828874853615 
117 0.010344827586206898 0.047732192499024106 
118 0.010344827586206898 0.048866096249512055 
119 0.010344827586206898 0.05 
120 0.013793103448275864 0.014482758620689654 
121 0.013793103448275864 0.015707491082045184 
122 0.013793103448275864 0.016932223543400713 
123 0.013793103448275864 0.018156956004756242 
124 0.013793103448275864 0.019381688466111772 
125 0.013793103448275864 0.0206064209274673 
126 0.013793103448275864 0.02183115338882283 
127 0.013793103448275864 0.02305588585017836 
128 0.013793103448275864 0.02428061831153389 
129 0.013793103448275864 0.02550535077288942 
130 0.013793103448275864 0.026730083234244948 
131 0.013793103448275864 0.027954815695600477 
132 0.013793103448275864 0.029179548156956007 
133 0.013793103448275864 0.030404280618311536 
134 0.013793103448275864 0.03162901307966706 
135 0.013793103448275864 0.03285374554102259 
136 0.013793103448275864 0.03407847800237812 
137 0.013793103448275864 0.03530321046373365 
138 0.013793103448275864 0.03652794292508918 
139 0.013793103448275864 0.03775267538644471 
140 0.013793103448275864 0.03897740784780024 
141 0.013793103448275864 0.04020214030915577 
142 0.013793103448275864 0.0414268727705113 
143 0.013793103448275864 0.042651605231866827 
144 0.013793103448275864 0.043876337693222356 
145 0.013793103448275864 0.045101070154577885 
146 0.013793103448275864 0.046325802615933415 
147 0.013793103448275864 0.047550535077288944 
148 0.013793103448275864 0.04877526753864447 
149 0.013793103448275864 0.05 
150 0.01724137931034483 0.010135819625309697 
151 0.01724137931034483 0.011510446534781777 
152 0.01724137931034483 0.012885073444253856 
153 0.01724137931034483 0.014259700353725936 
154 0.01724137931034483 0.015634327263198015 
155 0.01724137931034483 0.017008954172670093 
156 0.01724137931034483 0.018383581082142175 
157 0.01724137931034483 0.019758207991614256 
158 0.01724137931034483 0.021132834901086334 
159 0.01724137931034483 0.02250746181055841 
160 0.01724137931034483 0.023882088720030493 
161 0.01724137931034483 0.025256715629502574 
162 0.01724137931034483 0.026631342538974652 
163 0.01724137931034483 0.02800596944844673 
164 0.01724137931034483 0.02938059635791881 
165 0.01724137931034483 0.030755223267390892 
166 0.01724137931034483 0.03212985017686297 
167 0.01724137931034483 0.03350447708633505 
168 0.01724137931034483 0.034879103995807126 
169 0.01724137931034483 0.03625373090527921 
170 0.01724137931034483 0.03762835781475129 
171 0.01724137931034483 0.039002984724223366 
172 0.01724137931034483 0.04037761163369545 
173 0.01724137931034483 0.04175223854316753 
174 0.01724137931034483 0.04312686545263961 
175 0.01724137931034483 0.044501492362111685 
176 0.01724137931034483 0.04587611927158376 
177 0.01724137931034483 0.04725074618105585 
178 0.01724137931034483 0.048625373090527925 
179 0.01724137931034483 0.05 
180 0.020689655172413796 0.010135819625309697 
181 0.020689655172413796 0.011510446534781777 
182 0.020689655172413796 0.012885073444253856 
183 0.020689655172413796 0.014259700353725936 
184 0.020689655172413796 0.015634327263198015 
185 0.020689655172413796 0.017008954172670093 
186 0.020689655172413796 0.018383581082142175 
187 0.020689655172413796 0.019758207991614256 
188 0.020689655172413796 0.021132834901086334 
189 0.020689655172413796 0.02250746181055841 
190 0.020689655172413796 0.023882088720030493 
191 0.020689655172413796 0.025256715629502574 
192 0.020689655172413796 0.026631342538974652 
193 0.020689655172413796 0.02800596944844673 
194 0.020689655172413796 0.02938059635791881 
195 0.020689655172413796 0.030755223267390892 
196 0.020689655172413796 0.03212985017686297 
197 0.020689655172413796 0.03350447708633505 
198 0.020689655172413796 0.034879103995807126 
199 0.020689655172413796 0.03625373090527921 
200 0.020689655172413796 0.03762835781475129 
201 0.020689655172413796 0.039002984724223366 
202 0.020689655172413796 0.04037761163369545 
203 0.020689655172413796 0.04175223854316753 
204 0.020689655172413796 0.04312686545263961 
205 0.020689655172413796 0.044501492362111685 
206 0.020689655172413796 0.04587611927158376 
207 0.020689655172413796 0.04725074618105585 
208 0.020689655172413796 0.048625373090527925 
209 0.020689655172413796 0.05 
210 0.024137931034482762 0.010135819625309697 
211 0.024137931034482762 0.011510446534781777 
212 0.024137931034482762 0.012885073444253856 
213 0.024137931034482762 0.014259700353725936 
214 0.024137931034482762 0.015634327263198015 
215 0.024137931034482762 0.017008954172670093 
216 0.024137931034482762 0.018383581082142175 
217 0.024137931034482762 0.019758207991614256 
218 0.024137931034482762 0.021132834901086334 
219 0.024137931034482762 0.02250746181055841 
220 0.024137931034482762 0.023882088720030493 
221 0.024137931034482762 0.025256715629502574 
222 0.024137931034482762 0.026631342538974652 
223 0.024137931034482762 0.02800596944844673 
224 0.024137931034482762 0.02938059635791881 
225 0.024137931034482762 0.030755223267390892 
226 0.024137931034482762 0.03212985017686297 
227 0.024137931034482762 0.03350447708633505 
228 0.024137931034482762 0.034879103995807126 
229 0.024137931034482762 0.03625373090527921 
230 0.024137931034482762 0.03762835781475129 
231 0.024137931034482762 0.039002984724223366 
232 0.024137931034482762 0.04037761163369545 
233 0.024137931034482762 0.04175223854316753 
234 0.024137931034482762 0.04312686545263961 
235 0.024137931034482762 0.044501492362111685 
236 0.024137931034482762 0.04587611927158376 
237 0.024137931034482762 0.04725074618105585 
238 0.024137931034482762 0.048625373090527925 
239 0.024137931034482762 0.05 
240 0.027586206896551727 0.010135819625309697 
241 0.027586206896551727 0.011510446534781777 
242 0.027586206896551727 0.012885073444253856 
243 0.027586206896551727 0.014259700353725936 
244 0.027586206896551727 0.015634327263198015 
245 0.027586206896551727 0.017008954172670093 
246 0.027586206896551727 0.018383581082142175 
247 0.027586206896551727 0.019758207991614256 
248 0.027586206896551727 0.021132834901086334 
249 0.027586206896551727 0.02250746181055841 
250 0.027586206896551727 0.023882088720030493 
251 0.027586206896551727 0.025256715629502574 
252 0.027586206896551727 0.026631342538974652 
253 0.027586206896551727 0.02800596944844673 
254 0.027586206896551727 0.02938059635791881 
255 0.027586206896551727 0.030755223267390892 
256 0.027586206896551727 0.03212985017686297 
257 0.027586206896551727 0.03350447708633505 
258 0.027586206896551727 0.034879103995807126 
259 0.027586206896551727 0.03625373090527921 
260 0.027586206896551727 0.03762835781475129 
261 0.027586206896551727 0.039002984724223366 
262 0.027586206896551727 0.04037761163369545 
263 0.027586206896551727 0.04175223854316753 
264 0.027586206896551727 0.04312686545263961 
265 0.027586206896551727 0.044501492362111685 
266 0.027586206896551727 0.04587611927158376 
267 0.027586206896551727 0.04725074618105585 
268 0.027586206896551727 0.048625373090527925 
269 0.027586206896551727 0.05 
270 0.031034482758620693 0.010135819625309697 
271 0.031034482758620693 0.011510446534781777 
272 0.031034482758620693 0.012885073444253856 
273 0.031034482758620693 0.014259700353725936 
274 0.031034482758620693 0.015634327263198015 
275 0.031034482758620693 0.017008954172670093 
276 0.031034482758620693 0.018383581082142175 
277 0.031034482758620693 0.019758207991614256 
278 0.031034482758620693 0.021132834901086334 
279 0.031034482758620693 0.02250746181055841 
280 0.031034482758620693 0.023882088720030493 
281 0.031034482758620693 0.025256715629502574 
282 0.031034482758620693 0.026631342538974652 
283 0.031034482758620693 0.02800596944844673 
284 0.031034482758620693 0.02938059635791881 
285 0.031034482758620693 0.030755223267390892 
286 0.031034482758620693 0.03212985017686297 
287 0.031034482758620693 0.03350447708633505 
288 0.031034482758620693 0.034879103995807126 
289 0.031034482758620693 0.03625373090527921 
290 0.031034482758620693 0.03762835781475129 
291 0.031034482758620693 0.039002984724223366 
292 0.031034482758620693 0.04037761163369545 
293 0.031034482758620693 0.04175223854316753 
294 0.031034482758620693 0.04312686545263961 
295 0.031034482758620693 0.044501492362111685 
296 0.031034482758620693 0.04587611927158376 
297 0.031034482758620693 0.04725074618105585 
298 0.031034482758620693 0.048625373090527925 
299 0.031034482758620693 0.05 
300 0.03448275862068966 0.010135819625309697 
301 0.03448275862068966 0.011510446534781777 
302 0.03448275862068966 0.012885073444253856 
303 0.03448275862068966 0.014259700353725936 
304 0.03448275862068966 0.015634327263198015 
305 0.03448275862068966 0.017008954172670093 
306 0.03448275862068966 0.018383581082142175 
307 0.03448275862068966 0.019758207991614256 
308 0.03448275862068966 0.021132834901086334 
309 0.03448275862068966 0.02250746181055841 
310 0.03448275862068966 0.023882088720030493 
311 0.03448275862068966 0.025256715629502574 
312 0.03448275862068966 0.026631342538974652 
313 0.03448275862068966 0.02800596944844673 
314 0.03448275862068966 0.02938059635791881 
315 0.03448275862068966 0.030755223267390892 
316 0.03448275862068966 0.03212985017686297 
317 0.03448275862068966 0.03350447708633505 
318 0.03448275862068966 0.034879103995807126 
319 0.03448275862068966 0.03625373090527921 
320 0.03448275862068966 0.03762835781475129 
321 0.03448275862068966 0.039002984724223366 
322 0.03448275862068966 0.04037761163369545 
323 0.03448275862068966 0.04175223854316753 
324 0.03448275862068966 0.04312686545263961 
325 0.03448275862068966 0.044501492362111685 
326 0.03448275862068966 0.04587611927158376 
327 0.03448275862068966 0.04725074618105585 
328 0.03448275862068966 0.048625373090527925 
329 0.03448275862068966 0.05 
330 0.03793103448275863 0.010135819625309697 
331 0.03793103448275863 0.011510446534781777 
332 0.03793103448275863 0.012885073444253856 
333 0.03793103448275863 0.014259700353725936 
334 0.03793103448275863 0.015634327263198015 
335 0.03793103448275863 0.017008954172670093 
336 0.03793103448275863 0.018383581082142175 
337 0.03793103448275863 0.019758207991614256 
338 0.03793103448275863 0.021132834901086334 
339 0.03793103448275863 0.02250746181055841 
340 0.03793103448275863 0.023882088720030493 
341 0.03793103448275863 0.025256715629502574 
342 0.03793103448275863 0.026631342538974652 
343 0.03793103448275863 0.02800596944844673 
344 0.03793103448275863 0.02938059635791881 
345 0.03793103448275863 0.030755223267390892 
346 0.03793103448275863 0.03212985017686297 
347 0.03793103448275863 0.03350447708633505 
348 0.03793103448275863 0.034879103995807126 
349 0.03793103448275863 0.03625373090527921 
350 0.03793103448275863 0.03762835781475129 
351 0.03793103448275863 0.039002984724223366 
352 0.03793103448275863 0.04037761163369545 
353 0.03793103448275863 0.04175223854316753 
354 0.03793103448275863 0.04312686545263961 
355 0.03793103448275863 0.044501492362111685 
356 0.03793103448275863 0.04587611927158376 
357 0.03793103448275863 0.04725074618105585 
358 0.03793103448275863 0.048625373090527925 
359 0.03793103448275863 0.05 
360 0.04137931034482759 0.010135819625309697 
361 0.04137931034482759 0.011510446534781777 
362 0.04137931034482759 0.012885073444253856 
363 0.04137931034482759 0.014259700353725936 
364 0.04137931034482759 0.015634327263198015 
365 0.04137931034482759 0.017008954172670093 
366 0.04137931034482759 0.018383581082142175 
367 0.04137931034482759 0.019758207991614256 
368 0.04137931034482759 0.021132834901086334 
369 0.04137931034482759 0.02250746181055841 
370 0.04137931034482759 0.023882088720030493 
371 0.04137931034482759 0.025256715629502574 
372 0.04137931034482759 0.026631342538974652 
373 0.04137931034482759 0.02800596944844673 
374 0.04137931034482759 0.02938059635791881 
375 0.04137931034482759 0.030755223267390892 
376 0.04137931034482759 0.03212985017686297 
377 0.04137931034482759 0.03350447708633505 
378 0.04137931034482759 0.034879103995807126 
379 0.04137931034482759 0.03625373090527921 
380 0.04137931034482759 0.03762835781475129 
381 0.04137931034482759 0.039002984724223366 
382 0.04137931034482759 0.04037761163369545 
383 0.04137931034482759 0.04175223854316753 
384 0.04137931034482759 0.04312686545263961 
385 0.04137931034482759 0.044501492362111685 
386 0.04137931034482759 0.04587611927158376 
387 0.04137931034482759 0.04725074618105585 
388 0.04137931034482759 0.048625373090527925 
389 0.04137931034482759 0.05 
390 0.04482758620689656 0.010135819625309697 
391 0.04482758620689656 0.011510446534781777 
392 0.04482758620689656 0.012885073444253856 
393 0.04482758620689656 0.014259700353725936 
394 0.04482758620689656 0.015634327263198015 
395 0.04482758620689656 0.017008954172670093 
396 0.04482758620689656 0.018383581082142175 
397 0.04482758620689656 0.019758207991614256 
398 0.04482758620689656 0.021132834901086334 
399 0.04482758620689656 0.02250746181055841 
400 0.04482758620689656 0.023882088720030493 
401 0.04482758620689656 0.025256715629502574 
402 0.04482758620689656 0.026631342538974652 
403 0.04482758620689656 0.02800596944844673 
404 0.04482758620689656 0.02938059635791881 
405 0.04482758620689656 0.030755223267390892 
406 0.04482758620689656 0.03212985017686297 
407 0.04482758620689656 0.03350447708633505 
408 0.04482758620689656 0.034879103995807126 
409 0.04482758620689656 0.03625373090527921 
410 0.04482758620689656 0.03762835781475129 
411 0.04482758620689656 0.039002984724223366 
412 0.04482758620689656 0.04037761163369545 
413 0.04482758620689656 0.04175223854316753 
414 0.04482758620689656 0.04312686545263961 
415 0.04482758620689656 0.044501492362111685 
416 0.04482758620689656 0.04587611927158376 
417 0.04482758620689656 0.04725074618105585 
418 0.04482758620689656 0.048625373090527925 
419 0.04482758620689656 0.05 
420 0.048275862068965524 0.010135819625309697 
421 0.048275862068965524 0.011510446534781777 
422 0.048275862068965524 0.012885073444253856 
423 0.048275862068965524 0.014259700353725936 
424 0.048275862068965524 0.015634327263198015 
425 0.048275862068965524 0.017008954172670093 
426 0.048275862068965524 0.018383581082142175 
427 0.048275862068965524 0.019758207991614256 
428 0.048275862068965524 0.021132834901086334 
429 0.048275862068965524 0.02250746181055841 
430 0.048275862068965524 0.023882088720030493 
431 0.048275862068965524 0.025256715629502574 
432 0.048275862068965524 0.026631342538974652 
433 0.048275862068965524 0.02800596944844673 
434 0.048275862068965524 0.02938059635791881 
435 0.048275862068965524 0.030755223267390892 
436 0.048275862068965524 0.03212985017686297 
437 0.048275862068965524 0.03350447708633505 
438 0.048275862068965524 0.034879103995807126 
439 0.048275862068965524 0.03625373090527921 
440 0.048275862068965524 0.03762835781475129 
441 0.048275862068965524 0.039002984724223366 
442 0.048275862068965524 0.04037761163369545 
443 0.048275862068965524 0.04175223854316753 
444 0.048275862068965524 0.04312686545263961 
445 0.048275862068965524 0.044501492362111685 
446 0.048275862068965524 0.04587611927158376 
447 0.048275862068965524 0.04725074618105585 
448 0.048275862068965524 0.048625373090527925 
449 0.048275862068965524 0.05 
450 0.05172413793103449 0.010135819625309697 
451 0.05172413793103449 0.011510446534781777 
452 0.05172413793103449 0.012885073444253856 
453 0.05172413793103449 0.014259700353725936 
454 0.05172413793103449 0.015634327263198015 
455 0.05172413793103449 0.017008954172670093 
456 0.05172413793103449 0.018383581082142175 
457 0.05172413793103449 0.019758207991614256 
458 0.05172413793103449 0.021132834901086334 
459 0.05172413793103449 0.02250746181055841 
460 0.05172413793103449 0.023882088720030493 
461 0.05172413793103449 0.025256715629502574 
462 0.05172413793103449 0.026631342538974652 
463 0.05172413793103449 0.02800596944844673 
464 0.05172413793103449 0.02938059635791881 
465 0.05172413793103449 0.030755223267390892 
466 0.05172413793103449 0.03212985017686297 
467 0.05172413793103449 0.03350447708633505 
468 0.05172413793103449 0.034879103995807126 
469 0.05172413793103449 0.03625373090527921 
470 0.05172413793103449 0.03762835781475129 
471 0.05172413793103449 0.039002984724223366 
472 0.05172413793103449 0.04037761163369545 
473 0.05172413793103449 0.04175223854316753 
474 0.05172413793103449 0.04312686545263961 
475 0.05172413793103449 0.044501492362111685 
476 0.05172413793103449 0.04587611927158376 
477 0.05172413793103449 0.04725074618105585 
478 0.05172413793103449 0.048625373090527925 
479 0.05172413793103449 0.05 
480 0.055172413793103454 0.010135819625309697 
481 0.055172413793103454 0.011510446534781777 
482 0.055172413793103454 0.012885073444253856 
483 0.055172413793103454 0.014259700353725936 
484 0.055172413793103454 0.015634327263198015 
485 0.055172413793103454 0.017008954172670093 
486 0.055172413793103454 0.018383581082142175 
487 0.055172413793103454 0.019758207991614256 
488 0.055172413793103454 0.021132834901086334 
489 0.055172413793103454 0.02250746181055841 
490 0.055172413793103454 0.023882088720030493 
491 0.055172413793103454 0.025256715629502574 
492 0.055172413793103454 0.026631342538974652 
493 0.055172413793103454 0.02800596944844673 
494 0.055172413793103454 0.02938059635791881 
495 0.055172413793103454 0.030755223267390892 
496 0.055172413793103454 0.03212985017686297 
497 0.055172413793103454 0.03350447708633505 
498 0.055172413793103454 0.034879103995807126 
499 0.055172413793103454 0.03625373090527921 
500 0.055172413793103454 0.03762835781475129 
501 0.055172413793103454 0.039002984724223366 
502 0.055172413793103454 0.04037761163369545 
503 0.055172413793103454 0.04175223854316753 
504 0.055172413793103454 0.04312686545263961 
505 0.055172413793103454 0.044501492362111685 
506 0.055172413793103454 0.04587611927158376 
507 0.055172413793103454 0.04725074618105585 
508 0.055172413793103454 0.048625373090527925 
509 0.055172413793103454 0.05 
510 0.05862068965517242 0.010135819625309697 
511 0.05862068965517242 0.011510446534781777 
512 0.05862068965517242 0.012885073444253856 
513 0.05862068965517242 0.014259700353725936 
514 0.05862068965517242 0.015634327263198015 
515 0.05862068965517242 0.017008954172670093 
516 0.05862068965517242 0.018383581082142175 
517 0.05862068965517242 0.019758207991614256 
518 0.05862068965517242 0.021132834901086334 
519 0.05862068965517242 0.02250746181055841 
520 0.05862068965517242 0.023882088720030493 
521 0.05862068965517242 0.025256715629502574 
522 0.05862068965517242 0.026631342538974652 
523 0.05862068965517242 0.02800596944844673 
524 0.05862068965517242 0.02938059635791881 
525 0.05862068965517242 0.030755223267390892 
526 0.05862068965517242 0.03212985017686297 
527 0.05862068965517242 0.03350447708633505 
528 0.05862068965517242 0.034879103995807126 
529 0.05862068965517242 0.03625373090527921 
530 0.05862068965517242 0.03762835781475129 
531 0.05862068965517242 0.039002984724223366 
532 0.05862068965517242 0.04037761163369545 
533 0.05862068965517242 0.04175223854316753 
534 0.05862068965517242 0.04312686545263961 
535 0.05862068965517242 0.044501492362111685 
536 0.05862068965517242 0.04587611927158376 
537 0.05862068965517242 0.04725074618105585 
538 0.05862068965517242 0.048625373090527925 
539 0.05862068965517242 0.05 
540 0.062068965517241385 0.010135819625309697 
541 0.062068965517241385 0.011510446534781777 
542 0.062068965517241385 0.012885073444253856 
543 0.062068965517241385 0.014259700353725936 
544 0.062068965517241385 0.015634327263198015 
545 0.062068965517241385 0.017008954172670093 
546 0.062068965517241385 0.018383581082142175 
547 0.062068965517241385 0.019758207991614256 
548 0.062068965517241385 0.021132834901086334 
549 0.062068965517241385 0.02250746181055841 
550 0.062068965517241385 0.023882088720030493 
551 0.062068965517241385 0.025256715629502574 
552 0.062068965517241385 0.026631342538974652 
553 0.062068965517241385 0.02800596944844673 
554 0.062068965517241385 0.02938059635791881 
555 0.062068965517241385 0.030755223267390892 
556 0.062068965517241385 0.03212985017686297 
557 0.062068965517241385 0.03350447708633505 
558 0.062068965517241385 0.034879103995807126 
559 0.062068965517241385 0.03625373090527921 
560 0.062068965517241385 0.03762835781475129 
561 0.062068965517241385 0.039002984724223366 
562 0.062068965517241385 0.04037761163369545 
563 0.062068965517241385 0.04175223854316753 
564 0.062068965517241385 0.04312686545263961 
565 0.062068965517241385 0.044501492362111685 
566 0.062068965517241385 0.04587611927158376 
567 0.062068965517241385 0.04725074618105585 
568 0.062068965517241385 0.048625373090527925 
569 0.062068965517241385 0.05 
570 0.06551724137931035 0.010135819625309697 
571 0.06551724137931035 0.011510446534781777 
572 0.06551724137931035 0.012885073444253856 
573 0.06551724137931035 0.014259700353725936 
574 0.06551724137931035 0.015634327263198015 
575 0.06551724137931035 0.017008954172670093 
576 0.06551724137931035 0.018383581082142175 
577 0.06551724137931035 0.019758207991614256 
578 0.06551724137931035 0.021132834901086334 
579 0.06551724137931035 0.02250746181055841 
580 0.06551724137931035 0.023882088720030493 
581 0.06551724137931035 0.025256715629502574 
582 0.06551724137931035 0.026631342538974652 
583 0.06551724137931035 0.02800596944844673 
584 0.06551724137931035 0.02938059635791881 
585 0.06551724137931035 0.030755223267390892 
586 0.06551724137931035 0.03212985017686297 
587 0.06551724137931035 0.03350447708633505 
588 0.06551724137931035 0.034879103995807126 
589 0.06551724137931035 0.03625373090527921 
590 0.06551724137931035 0.03762835781475129 
591 0.06551724137931035 0.039002984724223366 
592 0.06551724137931035 0.04037761163369545 
593 0.06551724137931035 0.04175223854316753 
594 0.06551724137931035 0.04312686545263961 
595 0.06551724137931035 0.044501492362111685 
596 0.06551724137931035 0.04587611927158376 
597 0.06551724137931035 0.04725074618105585 
598 0.06551724137931035 0.048625373090527925 
599 0.06551724137931035 0.05 
600 0.06896551724137932 0.010135819625309697 
601 0.06896551724137932 0.011510446534781777 
602 0.06896551724137932 0.012885073444253856 
603 0.06896551724137932 0.014259700353725936 
604 0.06896551724137932 0.015634327263198015 
605 0.06896551724137932 0.017008954172670093 
606 0.06896551724137932 0.018383581082142175 
607 0.06896551724137932 0.019758207991614256 
608 0.06896551724137932 0.021132834901086334 
609 0.06896551724137932 0.02250746181055841 
610 0.06896551724137932 0.023882088720030493 
611 0.06896551724137932 0.025256715629502574 
612 0.06896551724137932 0.026631342538974652 
613 0.06896551724137932 0.02800596944844673 
614 0.06896551724137932 0.02938059635791881 
615 0.06896551724137932 0.030755223267390892 
616 0.06896551724137932 0.03212985017686297 
617 0.06896551724137932 0.03350447708633505 
618 0.06896551724137932 0.034879103995807126 
619 0.06896551724137932 0.03625373090527921 
620 0.06896551724137932 0.03762835781475129 
621 0.06896551724137932 0.039002984724223366 
622 0.06896551724137932 0.04037761163369545 
623 0.06896551724137932 0.04175223854316753 
624 0.06896551724137932 0.04312686545263961 
625 0.06896551724137932 0.044501492362111685 
626 0.06896551724137932 0.04587611927158376 
627 0.06896551724137932 0.04725074618105585 
628 0.06896551724137932 0.048625373090527925 
629 0.06896551724137932 0.05 
630 0.07241379310344828 0.010135819625309697 
631 0.07241379310344828 0.011510446534781777 
632 0.07241379310344828 0.012885073444253856 
633 0.07241379310344828 0.014259700353725936 
634 0.07241379310344828 0.015634327263198015 
635 0.07241379310344828 0.017008954172670093 
636 0.07241379310344828 0.018383581082142175 
637 0.07241379310344828 0.019758207991614256 
638 0.07241379310344828 0.021132834901086334 
639 0.07241379310344828 0.02250746181055841 
640 0.07241379310344828 0.023882088720030493 
641 0.07241379310344828 0.025256715629502574 
642 0.07241379310344828 0.026631342538974652 
643 0.07241379310344828 0.02800596944844673 
644 0.07241379310344828 0.02938059635791881 
645 0.07241379310344828 0.030755223267390892 
646 0.07241379310344828 0.03212985017686297 
647 0.07241379310344828 0.03350447708633505 
648 0.07241379310344828 0.034879103995807126 
649 0.07241379310344828 0.03625373090527921 
650 0.07241379310344828 0.03762835781475129 
651 0.07241379310344828 0.039002984724223366 
652 0.07241379310344828 0.04037761163369545 
653 0.07241379310344828 0.04175223854316753 
654 0.07241379310344828 0.04312686545263961 
655 0.07241379310344828 0.044501492362111685 
656 0.07241379310344828 0.04587611927158376 
657 0.07241379310344828 0.04725074618105585 
658 0.07241379310344828 0.048625373090527925 
659 0.07241379310344828 0.05 
660 0.07586206896551725 0.010135819625309697 
661 0.07586206896551725 0.011510446534781777 
662 0.07586206896551725 0.012885073444253856 
663 0.07586206896551725 0.014259700353725936 
664 0.07586206896551725 0.015634327263198015 
665 0.07586206896551725 0.017008954172670093 
666 0.07586206896551725 0.018383581082142175 
667 0.07586206896551725 0.019758207991614256 
668 0.07586206896551725 0.021132834901086334 
669 0.07586206896551725 0.02250746181055841 
670 0.07586206896551725 0.023882088720030493 
671 0.07586206896551725 0.025256715629502574 
672 0.07586206896551725 0.026631342538974652 
673 0.07586206896551725 0.02800596944844673 
674 0.07586206896551725 0.02938059635791881 
675 0.07586206896551725 0.030755223267390892 
676 0.07586206896551725 0.03212985017686297 
677 0.07586206896551725 0.03350447708633505 
678 0.07586206896551725 0.034879103995807126 
679 0.07586206896551725 0.03625373090527921 
680 0.07586206896551725 0.03762835781475129 
681 0.07586206896551725 0.039002984724223366 
682 0.07586206896551725 0.04037761163369545 
683 0.07586206896551725 0.04175223854316753 
684 0.07586206896551725 0.04312686545263961 
685 0.07586206896551725 0.044501492362111685 
686 0.07586206896551725 0.04587611927158376 
687 0.07586206896551725 0.04725074618105585 
688 0.07586206896551725 0.048625373090527925 
689 0.07586206896551725 0.05 
690 0.07931034482758621 0.010135819625309697 
691 0.07931034482758621 0.011510446534781777 
692 0.07931034482758621 0.012885073444253856 
693 0.07931034482758621 0.014259700353725936 
694 0.07931034482758621 0.015634327263198015 
695 0.07931034482758621 0.017008954172670093 
696 0.07931034482758621 0.018383581082142175 
697 0.07931034482758621 0.019758207991614256 
698 0.07931034482758621 0.021132834901086334 
699 0.07931034482758621 0.02250746181055841 
700 0.07931034482758621 0.023882088720030493 
701 0.07931034482758621 0.025256715629502574 
702 0.07931034482758621 0.026631342538974652 
703 0.07931034482758621 0.02800596944844673 
704 0.07931034482758621 0.02938059635791881 
705 0.07931034482758621 0.030755223267390892 
706 0.07931034482758621 0.03212985017686297 
707 0.07931034482758621 0.03350447708633505 
708 0.07931034482758621 0.034879103995807126 
709 0.07931034482758621 0.03625373090527921 
710 0.07931034482758621 0.03762835781475129 
711 0.07931034482758621 0.039002984724223366 
712 0.07931034482758621 0.04037761163369545 
713 0.07931034482758621 0.04175223854316753 
714 0.07931034482758621 0.04312686545263961 
715 0.07931034482758621 0.044501492362111685 
716 0.07931034482758621 0.04587611927158376 
717 0.07931034482758621 0.04725074618105585 
718 0.07931034482758621 0.048625373090527925 
719 0.07931034482758621 0.05 
720 0.08275862068965519 0.010135819625309697 
721 0.08275862068965519 0.011510446534781777 
722 0.08275862068965519 0.012885073444253856 
723 0.08275862068965519 0.014259700353725936 
724 0.08275862068965519 0.015634327263198015 
725 0.08275862068965519 0.017008954172670093 
726 0.08275862068965519 0.018383581082142175 
727 0.08275862068965519 0.019758207991614256 
728 0.08275862068965519 0.021132834901086334 
729 0.08275862068965519 0.02250746181055841 
730 0.08275862068965519 0.023882088720030493 
731 0.08275862068965519 0.025256715629502574 
732 0.08275862068965519 0.026631342538974652 
733 0.08275862068965519 0.02800596944844673 
734 0.08275862068965519 0.02938059635791881 
735 0.08275862068965519 0.030755223267390892 
736 0.08275862068965519 0.03212985017686297 
737 0.08275862068965519 0.03350447708633505 
738 0.08275862068965519 0.034879103995807126 
739 0.08275862068965519 0.03625373090527921 
740 0.08275862068965519 0.03762835781475129 
741 0.08275862068965519 0.039002984724223366 
742 0.08275862068965519 0.04037761163369545 
743 0.08275862068965519 0.04175223854316753 
744 0.08275862068965519 0.04312686545263961 
745 0.08275862068965519 0.044501492362111685 
746 0.08275862068965519 0.04587611927158376 
747 0.08275862068965519 0.04725074618105585 
748 0.08275862068965519 0.048625373090527925 
749 0.08275862068965519 0.05 
750 0.08620689655172414 0.010135819625309697 
751 0.08620689655172414 0.011510446534781777 
752 0.08620689655172414 0.012885073444253856 
753 0.08620689655172414 0.014259700353725936 
754 0.08620689655172414 0.015634327263198015 
755 0.08620689655172414 0.017008954172670093 
756 0.08620689655172414 0.018383581082142175 
757 0.08620689655172414 0.019758207991614256 
758 0.08620689655172414 0.021132834901086334 
759 0.08620689655172414 0.02250746181055841 
760 0.08620689655172414 0.023882088720030493 
761 0.08620689655172414 0.025256715629502574 
762 0.08620689655172414 0.026631342538974652 
763 0.08620689655172414 0.02800596944844673 
764 0.08620689655172414 0.02938059635791881 
765 0.08620689655172414 0.030755223267390892 
766 0.08620689655172414 0.03212985017686297 
767 0.08620689655172414 0.03350447708633505 
768 0.08620689655172414 0.034879103995807126 
769 0.08620689655172414 0.03625373090527921 
770 0.08620689655172414 0.03762835781475129 
771 0.08620689655172414 0.039002984724223366 
772 0.08620689655172414 0.04037761163369545 
773 0.08620689655172414 0.04175223854316753 
774 0.08620689655172414 0.04312686545263961 
775 0.08620689655172414 0.044501492362111685 
776 0.08620689655172414 0.04587611927158376 
777 0.08620689655172414 0.04725074618105585 
778 0.08620689655172414 0.048625373090527925 
779 0.08620689655172414 0.05 
780 0.08965517241379312 0.010135819625309697 
781 0.08965517241379312 0.011510446534781777 
782 0.08965517241379312 0.012885073444253856 
783 0.08965517241379312 0.014259700353725936 
784 0.08965517241379312 0.015634327263198015 
785 0.08965517241379312 0.017008954172670093 
786 0.08965517241379312 0.018383581082142175 
787 0.08965517241379312 0.019758207991614256 
788 0.08965517241379312 0.021132834901086334 
789 0.08965517241379312 0.02250746181055841 
790 0.08965517241379312 0.023882088720030493 
791 0.08965517241379312 0.025256715629502574 
792 0.08965517241379312 0.026631342538974652 
793 0.08965517241379312 0.02800596944844673 
794 0.08965517241379312 0.02938059635791881 
795 0.08965517241379312 0.030755223267390892 
796 0.08965517241379312 0.03212985017686297 
797 0.08965517241379312 0.03350447708633505 
798 0.08965517241379312 0.034879103995807126 
799 0.08965517241379312 0.03625373090527921 
800 0.08965517241379312 0.03762835781475129 
801 0.08965517241379312 0.039002984724223366 
802 0.08965517241379312 0.04037761163369545 
803 0.08965517241379312 0.04175223854316753 
804 0.08965517241379312 0.04312686545263961 
805 0.08965517241379312 0.044501492362111685 
806 0.08965517241379312 0.04587611927158376 
807 0.08965517241379312 0.04725074618105585 
808 0.08965517241379312 0.048625373090527925 
809 0.08965517241379312 0.05 
810 0.09310344827586207 0.010135819625309697 
811 0.09310344827586207 0.011510446534781777 
812 0.09310344827586207 0.012885073444253856 
813 0.09310344827586207 0.014259700353725936 
814 0.09310344827586207 0.015634327263198015 
815 0.09310344827586207 0.017008954172670093 
816 0.09310344827586207 0.018383581082142175 
817 0.09310344827586207 0.019758207991614256 
818 0.09310344827586207 0.021132834901086334 
819 0.09310344827586207 0.02250746181055841 
820 0.09310344827586207 0.023882088720030493 
821 0.09310344827586207 0.025256715629502574 
822 0.09310344827586207 0.026631342538974652 
823 0.09310344827586207 0.02800596944844673 
824 0.09310344827586207 0.02938059635791881 
825 0.09310344827586207 0.030755223267390892 
826 0.09310344827586207 0.03212985017686297 
827 0.09310344827586207 0.03350447708633505 
828 0.09310344827586207 0.034879103995807126 
829 0.09310344827586207 0.03625373090527921 
830 0.09310344827586207 0.03762835781475129 
831 0.09310344827586207 0.039002984724223366 
832 0.09310344827586207 0.04037761163369545 
833 0.09310344827586207 0.04175223854316753 
834 0.09310344827586207 0.04312686545263961 
835 0.09310344827586207 0.044501492362111685 
836 0.09310344827586207 0.04587611927158376 
837 0.09310344827586207 0.04725074618105585 
838 0.09310344827586207 0.048625373090527925 
839 0.09310344827586207 0.05 
840 0.09655172413793105 0.010135819625309697 
841 0.09655172413793105 0.011510446534781777 
842 0.09655172413793105 0.012885073444253856 
843 0.09655172413793105 0.014259700353725936 
844 0.09655172413793105 0.015634327263198015 
845 0.09655172413793105 0.017008954172670093 
846 0.09655172413793105 0.018383581082142175 
847 0.09655172413793105 0.019758207991614256 
848 0.09655172413793105 0.021132834901086334 
849 0.09655172413793105 0.02250746181055841 
850 0.09655172413793105 0.023882088720030493 
851 0.09655172413793105 0.025256715629502574 
852 0.09655172413793105 0.026631342538974652 
853 0.09655172413793105 0.02800596944844673 
854 0.09655172413793105 0.02938059635791881 
855 0.09655172413793105 0.030755223267390892 
856 0.09655172413793105 0.03212985017686297 
857 0.09655172413793105 0.03350447708633505 
858 0.09655172413793105 0.034879103995807126 
859 0.09655172413793105 0.03625373090527921 
860 0.09655172413793105 0.03762835781475129 
861 0.09655172413793105 0.039002984724223366 
862 0.09655172413793105 0.04037761163369545 
863 0.09655172413793105 0.04175223854316753 
864 0.09655172413793105 0.04312686545263961 
865 0.09655172413793105 0.044501492362111685 
866 0.09655172413793105 0.04587611927158376 
867 0.09655172413793105 0.04725074618105585 
868 0.09655172413793105 0.048625373090527925 
869 0.09655172413793105 0.05 
870 0.1 0.010135819625309697 
871 0.1 0.011510446534781777 
872 0.1 0.012885073444253856 
873 0.1 0.014259700353725936 
874 0.1 0.015634327263198015 
875 0.1 0.017008954172670093 
876 0.1 0.018383581082142175 
877 0.1 0.019758207991614256 
878 0.1 0.021132834901086334 
879 0.1 0.02250746181055841 
880 0.1 0.023882088720030493 
881 0.1 0.025256715629502574 
882 0.1 0.026631342538974652 
883 0.1 0.02800596944844673 
884 0.1 0.02938059635791881 
885 0.1 0.030755223267390892 
886 0.1 0.03212985017686297 
887 0.1 0.03350447708633505 
888 0.1 0.034879103995807126 
889 0.1 0.03625373090527921 
890 0.1 0.03762835781475129 
891 0.1 0.039002984724223366 
892 0.1 0.04037761163369545 
893 0.1 0.04175223854316753 
894 0.1 0.04312686545263961 
895 0.1 0.044501492362111685 
896 0.1 0.04587611927158376 
897 0.1 0.04725074618105585 
898 0.1 0.048625373090527925 
899 0.1 0.05 
0 3 2 33 
1 59 58 89 
2 58 27 57 
3 8 38 39 
4 32 63 33 
5 32 2 1 
6 2 32 33 
7 72 41 71 
8 10 41 11 
9 48 78 79 
10 80 110 111 
11 110 80 79 
12 162 163 130 
13 127 126 159 
14 129 162 130 
15 151 120 150 
16 120 151 152 
17 138 108 107 
18 137 138 107 
19 58 88 89 
20 87 88 57 
21 88 58 57 
22 27 26 57 
23 28 27 58 
24 28 59 29 
25 28 58 59 
26 22 52 53 
27 23 22 53 
28 52 22 21 
29 24 55 25 
30 86 55 85 
31 116 86 85 
32 81 80 111 
33 81 50 80 
34 83 84 53 
35 52 83 53 
36 82 83 52 
37 13 44 14 
38 44 13 43 
39 51 52 21 
40 81 51 50 
41 51 82 52 
42 51 81 82 
43 34 3 33 
44 37 36 67 
45 37 6 36 
46 38 69 39 
47 34 4 3 
48 4 34 35 
49 31 32 1 
50 31 1 0 
51 30 31 0 
52 106 137 107 
53 98 129 130 
54 102 133 134 
55 102 72 71 
56 13 12 43 
57 41 40 71 
58 10 40 41 
59 9 8 39 
60 40 9 39 
61 9 40 10 
62 106 76 75 
63 76 106 107 
64 78 109 79 
65 109 110 79 
66 109 78 108 
67 133 165 134 
68 129 161 162 
69 161 129 128 
70 120 121 90 
71 121 122 90 
72 121 154 122 
73 154 121 120 
74 153 120 152 
75 153 154 120 
76 124 156 157 
77 126 158 159 
78 110 141 111 
79 115 85 84 
80 115 116 85 
81 115 146 116 
82 88 119 89 
83 26 56 57 
84 86 56 55 
85 56 26 25 
86 55 56 25 
87 56 87 57 
88 56 86 87 
89 54 24 23 
90 54 23 53 
91 24 54 55 
92 84 54 53 
93 85 54 84 
94 55 54 85 
95 44 45 14 
96 45 44 75 
97 76 45 75 
98 45 76 46 
99 18 17 48 
100 20 19 50 
101 20 51 21 
102 51 20 50 
103 49 19 18 
104 49 18 48 
105 19 49 50 
106 49 48 79 
107 80 49 79 
108 50 49 80 
109 34 65 35 
110 37 7 6 
111 7 38 8 
112 7 37 38 
113 69 68 100 
114 68 37 67 
115 37 68 38 
116 68 69 38 
117 70 69 100 
118 69 70 39 
119 70 40 39 
120 40 70 71 
121 5 4 35 
122 5 35 36 
123 6 5 36 
124 91 60 90 
125 91 92 60 
126 91 124 92 
127 92 61 60 
128 60 61 30 
129 61 31 30 
130 44 74 75 
131 73 74 43 
132 74 44 43 
133 96 127 128 
134 104 74 73 
135 104 135 136 
136 12 42 43 
137 42 73 43 
138 42 12 11 
139 41 42 11 
140 42 72 73 
141 42 41 72 
142 76 77 46 
143 78 77 108 
144 108 77 107 
145 77 76 107 
146 131 132 100 
147 163 131 130 
148 132 131 163 
149 132 101 100 
150 101 70 100 
151 102 101 133 
152 101 132 133 
153 101 102 71 
154 70 101 71 
155 138 169 170 
156 169 138 137 
157 160 161 128 
158 160 127 159 
159 127 160 128 
160 125 158 126 
161 158 125 157 
162 125 124 157 
163 154 155 122 
164 123 156 124 
165 91 123 124 
166 123 155 156 
167 155 123 122 
168 122 123 90 
169 123 91 90 
170 142 173 143 
171 141 142 111 
172 173 174 143 
173 144 174 175 
174 174 144 143 
175 83 114 84 
176 114 115 84 
177 171 172 141 
178 142 172 173 
179 172 142 141 
180 140 171 141 
181 109 140 110 
182 140 141 110 
183 146 147 116 
184 119 118 149 
185 118 148 149 
186 118 88 87 
187 118 119 88 
188 148 179 149 
189 45 15 14 
190 16 15 46 
191 15 45 46 
192 17 47 48 
193 77 47 46 
194 47 17 16 
195 47 16 46 
196 47 78 48 
197 47 77 78 
198 66 98 67 
199 65 66 35 
200 36 66 67 
201 35 66 36 
202 68 99 100 
203 99 98 130 
204 98 99 67 
205 99 68 67 
206 131 99 130 
207 99 131 100 
208 61 62 31 
209 32 62 63 
210 31 62 32 
211 129 97 128 
212 97 96 128 
213 98 97 129 
214 66 97 98 
215 96 97 65 
216 97 66 65 
217 127 95 126 
218 96 95 127 
219 135 167 136 
220 104 105 74 
221 105 106 75 
222 74 105 75 
223 105 104 136 
224 105 136 137 
225 106 105 137 
226 72 103 73 
227 103 104 73 
228 102 103 72 
229 103 102 134 
230 135 103 134 
231 104 103 135 
232 164 132 163 
233 132 164 133 
234 164 165 133 
235 115 145 146 
236 145 144 175 
237 114 145 115 
238 145 114 144 
239 113 83 82 
240 113 114 83 
241 144 113 143 
242 114 113 144 
243 171 139 170 
244 140 139 171 
245 139 138 170 
246 138 139 108 
247 139 109 108 
248 139 140 109 
249 117 118 87 
250 86 117 87 
251 117 86 116 
252 147 117 116 
253 117 147 148 
254 118 117 148 
255 177 147 146 
256 94 125 126 
257 95 94 126 
258 62 94 63 
259 94 95 63 
260 64 96 65 
261 64 95 96 
262 95 64 63 
263 63 64 33 
264 64 34 33 
265 64 65 34 
266 165 166 134 
267 166 135 134 
268 166 167 135 
269 136 168 137 
270 167 168 136 
271 168 169 137 
272 112 113 82 
273 112 81 111 
274 81 112 82 
275 113 112 143 
276 142 112 111 
277 112 142 143 
278 176 177 146 
279 145 176 146 
280 176 145 175 
281 178 179 148 
282 147 178 148 
283 177 178 147 
284 94 93 125 
285 124 93 92 
286 125 93 124 
287 93 94 62 
288 93 61 92 
289 93 62 61 
290 180 151 150 
291 151 180 181 
292 512 481 511 
293 481 512 482 
294 481 480 510 
295 511 481 510 
296 660 631 630 
297 631 660 661 
298 681 651 650 
299 680 681 650 
300 710 681 680 
301 681 710 711 
302 651 621 650 
303 621 620 650 
304 652 621 651 
305 621 652 622 
306 681 652 651 
307 652 681 682 
308 665 635 664 
309 664 635 634 
310 852 881 882 
311 881 852 851 
312 883 852 882 
313 852 883 853 
314 211 180 210 
315 180 211 181 
316 182 151 181 
317 151 182 152 
318 211 182 181 
319 182 211 212 
320 496 467 466 
321 467 496 497 
322 441 440 470 
323 471 441 470 
324 313 344 314 
325 344 313 343 
326 315 344 345 
327 344 315 314 
328 547 548 517 
329 548 518 517 
330 662 631 661 
331 631 662 632 
332 577 548 547 
333 548 577 578 
334 633 603 632 
335 632 603 602 
336 602 603 572 
337 603 573 572 
338 601 631 632 
339 601 632 602 
340 601 600 630 
341 631 601 630 
342 601 602 572 
343 571 601 572 
344 600 601 570 
345 601 571 570 
346 850 881 851 
347 881 850 880 
348 586 556 555 
349 585 586 555 
350 594 623 624 
351 623 594 593 
352 624 653 654 
353 623 653 624 
354 652 653 622 
355 653 623 622 
356 761 792 762 
357 792 761 791 
358 792 763 762 
359 763 792 793 
360 213 182 212 
361 182 213 183 
362 434 435 404 
363 404 435 405 
364 491 520 521 
365 520 491 490 
366 548 519 518 
367 519 548 549 
368 363 332 362 
369 332 363 333 
370 361 360 390 
371 391 361 390 
372 360 361 330 
373 361 331 330 
374 332 361 362 
375 361 332 331 
376 420 421 390 
377 421 391 390 
378 329 328 359 
379 328 358 359 
380 328 297 327 
381 297 328 298 
382 328 329 299 
383 328 299 298 
384 406 375 405 
385 375 406 376 
386 435 406 405 
387 406 435 436 
388 256 287 257 
389 287 256 286 
390 346 375 376 
391 375 346 345 
392 192 223 193 
393 223 192 222 
394 163 192 193 
395 192 163 162 
396 189 220 190 
397 220 189 219 
398 182 153 152 
399 153 182 183 
400 153 183 184 
401 154 153 184 
402 156 186 187 
403 157 156 187 
404 189 158 188 
405 158 189 159 
406 188 158 187 
407 158 157 187 
408 318 347 348 
409 347 318 317 
410 171 200 201 
411 200 171 170 
412 227 256 257 
413 256 227 226 
414 200 229 230 
415 229 200 199 
416 230 229 260 
417 229 259 260 
418 231 200 230 
419 200 231 201 
420 234 203 233 
421 203 234 204 
422 691 660 690 
423 660 691 661 
424 766 767 737 
425 736 766 737 
426 541 540 570 
427 571 541 570 
428 541 571 572 
429 542 541 572 
430 541 511 510 
431 540 541 510 
432 541 512 511 
433 541 542 512 
434 514 544 515 
435 515 544 545 
436 544 575 545 
437 544 574 575 
438 546 516 515 
439 546 515 545 
440 546 547 517 
441 516 546 517 
442 663 664 634 
443 633 663 634 
444 662 663 632 
445 663 633 632 
446 575 576 545 
447 576 546 545 
448 576 577 547 
449 546 576 547 
450 635 604 634 
451 604 635 605 
452 604 603 633 
453 604 633 634 
454 574 604 575 
455 604 605 575 
456 603 604 573 
457 604 574 573 
458 780 751 750 
459 751 780 781 
460 871 840 870 
461 871 841 840 
462 840 811 810 
463 841 811 840 
464 811 780 810 
465 780 811 781 
466 879 849 878 
467 849 848 878 
468 849 879 880 
469 850 849 880 
470 866 896 897 
471 866 897 867 
472 896 866 895 
473 866 865 895 
474 869 898 899 
475 868 898 869 
476 897 898 867 
477 898 868 867 
478 838 869 839 
479 838 868 869 
480 868 838 867 
481 838 837 867 
482 563 594 564 
483 594 563 593 
484 563 592 593 
485 592 563 562 
486 623 592 622 
487 592 623 593 
488 579 548 578 
489 548 579 549 
490 557 588 558 
491 588 557 587 
492 586 557 556 
493 557 586 587 
494 528 557 558 
495 557 528 527 
496 526 557 527 
497 557 526 556 
498 496 526 497 
499 526 527 497 
500 679 710 680 
501 710 679 709 
502 731 761 762 
503 731 762 732 
504 802 833 803 
505 833 802 832 
506 710 740 711 
507 740 741 711 
508 584 585 555 
509 554 584 555 
510 539 568 569 
511 538 568 539 
512 712 681 711 
513 681 712 682 
514 683 652 682 
515 683 653 652 
516 653 683 654 
517 683 684 654 
518 712 683 682 
519 683 712 713 
520 695 666 665 
521 666 695 696 
522 697 666 696 
523 667 666 697 
524 668 637 667 
525 637 668 638 
526 668 639 638 
527 639 668 669 
528 640 639 670 
529 639 669 670 
530 794 763 793 
531 763 794 764 
532 821 850 851 
533 850 821 820 
534 854 883 884 
535 883 854 853 
536 240 211 210 
537 240 241 211 
538 271 240 270 
539 240 271 241 
540 186 215 216 
541 215 186 185 
542 217 186 216 
543 186 217 187 
544 250 220 219 
545 249 250 219 
546 404 374 403 
547 374 373 403 
548 374 404 405 
549 375 374 405 
550 374 344 343 
551 374 343 373 
552 344 374 345 
553 374 375 345 
554 522 491 521 
555 491 522 492 
556 551 522 521 
557 522 551 552 
558 435 465 436 
559 465 466 436 
560 553 584 554 
561 584 553 583 
562 553 522 552 
563 522 553 523 
564 523 553 524 
565 553 554 524 
566 489 520 490 
567 489 519 520 
568 512 483 482 
569 483 512 513 
570 392 361 391 
571 361 392 362 
572 451 420 450 
573 451 421 420 
574 480 451 450 
575 481 451 480 
576 425 455 456 
577 426 425 456 
578 326 297 296 
579 297 326 327 
580 358 389 359 
581 388 389 358 
582 328 357 358 
583 357 328 327 
584 325 354 355 
585 354 325 324 
586 353 354 323 
587 323 354 324 
588 508 539 509 
589 508 538 539 
590 467 437 466 
591 466 437 436 
592 437 467 468 
593 438 437 468 
594 437 406 436 
595 406 437 407 
596 437 408 407 
597 408 437 438 
598 284 313 314 
599 313 284 283 
600 315 284 314 
601 285 284 315 
602 284 253 283 
603 253 284 254 
604 253 282 283 
605 282 253 252 
606 253 223 222 
607 252 253 222 
608 224 253 254 
609 253 224 223 
610 255 224 254 
611 224 255 225 
612 255 256 226 
613 255 226 225 
614 255 284 285 
615 284 255 254 
616 256 255 286 
617 255 285 286 
618 258 227 257 
619 227 258 228 
620 229 258 259 
621 258 229 228 
622 316 347 317 
623 316 346 347 
624 316 315 345 
625 346 316 345 
626 316 287 286 
627 287 316 317 
628 316 285 315 
629 285 316 286 
630 301 300 330 
631 331 301 330 
632 332 301 331 
633 302 301 332 
634 300 301 270 
635 301 271 270 
636 169 200 170 
637 200 169 199 
638 223 194 193 
639 224 194 223 
640 194 224 225 
641 195 194 225 
642 160 189 190 
643 189 160 159 
644 221 252 222 
645 252 221 251 
646 250 221 220 
647 221 250 251 
648 155 154 184 
649 185 155 184 
650 156 155 186 
651 186 155 185 
652 250 281 251 
653 281 250 280 
654 281 282 252 
655 281 252 251 
656 259 289 260 
657 260 289 290 
658 319 349 350 
659 320 319 350 
660 319 318 348 
661 349 319 348 
662 289 319 290 
663 319 320 290 
664 174 203 204 
665 203 174 173 
666 205 174 204 
667 175 174 205 
668 172 203 173 
669 203 172 202 
670 172 171 201 
671 202 172 201 
672 203 232 233 
673 232 203 202 
674 231 232 201 
675 232 202 201 
676 261 230 260 
677 261 231 230 
678 261 232 231 
679 232 261 262 
680 261 260 290 
681 291 261 290 
682 262 261 292 
683 261 291 292 
684 692 723 693 
685 723 692 722 
686 692 663 662 
687 663 692 693 
688 692 662 661 
689 691 692 661 
690 663 694 664 
691 694 663 693 
692 694 665 664 
693 694 695 665 
694 814 783 813 
695 784 783 814 
696 794 765 764 
697 765 794 795 
698 766 796 767 
699 767 796 797 
700 796 765 795 
701 765 796 766 
702 796 827 797 
703 796 826 827 
704 679 708 709 
705 708 679 678 
706 543 542 572 
707 573 543 572 
708 544 543 574 
709 574 543 573 
710 542 543 512 
711 512 543 513 
712 543 544 514 
713 543 514 513 
714 608 579 578 
715 579 608 609 
716 577 608 578 
717 607 608 577 
718 639 608 638 
719 608 639 609 
720 608 607 637 
721 608 637 638 
722 606 576 575 
723 605 606 575 
724 576 606 577 
725 606 607 577 
726 721 751 752 
727 721 752 722 
728 721 720 750 
729 751 721 750 
730 692 721 722 
731 721 692 691 
732 720 721 690 
733 721 691 690 
734 874 844 873 
735 873 844 843 
736 844 874 875 
737 845 844 875 
738 843 844 813 
739 844 814 813 
740 844 815 814 
741 844 845 815 
742 819 849 850 
743 819 850 820 
744 849 819 848 
745 819 818 848 
746 818 788 817 
747 788 787 817 
748 819 788 818 
749 788 819 789 
750 821 790 820 
751 790 821 791 
752 790 819 820 
753 819 790 789 
754 815 785 814 
755 785 784 814 
756 866 836 865 
757 865 836 835 
758 836 866 867 
759 837 836 867 
760 894 864 893 
761 893 864 863 
762 865 864 895 
763 864 894 895 
764 504 474 503 
765 474 473 503 
766 474 443 473 
767 443 474 444 
768 499 500 470 
769 469 499 470 
770 501 471 470 
771 500 501 470 
772 563 533 562 
773 533 532 562 
774 559 528 558 
775 528 559 529 
776 532 561 562 
777 531 561 532 
778 550 519 549 
779 519 550 520 
780 520 550 521 
781 550 551 521 
782 525 554 555 
783 554 525 524 
784 556 525 555 
785 526 525 556 
786 620 649 650 
787 619 649 620 
788 649 619 618 
789 648 649 618 
790 649 680 650 
791 649 679 680 
792 679 649 678 
793 649 648 678 
794 617 588 587 
795 588 617 618 
796 701 731 732 
797 702 701 732 
798 672 701 702 
799 671 701 672 
800 553 582 583 
801 582 553 552 
802 551 582 552 
803 582 551 581 
804 610 639 640 
805 639 610 609 
806 627 597 626 
807 597 596 626 
808 628 659 629 
809 659 628 658 
810 628 657 658 
811 657 628 627 
812 657 627 626 
813 656 657 626 
814 597 567 596 
815 596 567 566 
816 686 657 656 
817 657 686 687 
818 596 625 626 
819 595 625 596 
820 625 594 624 
821 625 595 594 
822 625 656 626 
823 625 655 656 
824 625 624 654 
825 655 625 654 
826 565 596 566 
827 565 595 596 
828 594 565 564 
829 595 565 594 
830 695 726 696 
831 726 695 725 
832 755 726 725 
833 726 755 756 
834 785 755 784 
835 784 755 754 
836 731 760 761 
837 760 731 730 
838 761 760 791 
839 760 790 791 
840 698 667 697 
841 698 668 667 
842 668 698 669 
843 698 699 669 
844 698 728 729 
845 699 698 729 
846 794 825 795 
847 825 794 824 
848 825 796 795 
849 796 825 826 
850 854 825 824 
851 825 854 855 
852 822 792 791 
853 821 822 791 
854 852 822 851 
855 822 821 851 
856 802 801 832 
857 801 831 832 
858 801 772 771 
859 772 801 802 
860 862 892 893 
861 862 893 863 
862 892 862 891 
863 862 861 891 
864 862 833 832 
865 833 862 863 
866 831 862 832 
867 861 862 831 
868 218 189 188 
869 189 218 219 
870 218 188 187 
871 217 218 187 
872 273 244 243 
873 244 273 274 
874 495 496 466 
875 465 495 466 
876 495 526 496 
877 495 525 526 
878 525 495 524 
879 495 494 524 
880 312 313 283 
881 282 312 283 
882 281 312 282 
883 312 281 311 
884 313 312 343 
885 343 312 342 
886 312 311 341 
887 312 341 342 
888 457 426 456 
889 457 427 426 
890 457 458 428 
891 427 457 428 
892 454 424 423 
893 453 454 423 
894 425 454 455 
895 454 425 424 
896 459 488 489 
897 488 459 458 
898 519 488 518 
899 489 488 519 
900 335 366 336 
901 365 366 335 
902 366 367 337 
903 366 337 336 
904 458 429 428 
905 459 429 458 
906 429 398 428 
907 398 429 399 
908 310 281 280 
909 281 310 311 
910 343 372 373 
911 372 343 342 
912 371 372 341 
913 341 372 342 
914 311 340 341 
915 310 340 311 
916 339 340 309 
917 340 310 309 
918 363 334 333 
919 364 334 363 
920 334 365 335 
921 334 364 365 
922 364 394 365 
923 365 394 395 
924 425 394 424 
925 394 425 395 
926 421 422 391 
927 422 392 391 
928 234 235 204 
929 235 205 204 
930 389 418 419 
931 418 389 388 
932 352 353 323 
933 322 352 323 
934 353 352 383 
935 352 382 383 
936 567 537 566 
937 537 536 566 
938 537 568 538 
939 537 567 568 
940 442 441 471 
941 472 442 471 
942 443 442 473 
943 442 472 473 
944 440 439 470 
945 439 469 470 
946 439 438 468 
947 469 439 468 
948 378 349 348 
949 349 378 379 
950 295 326 296 
951 326 295 325 
952 325 295 324 
953 295 294 324 
954 263 234 233 
955 234 263 264 
956 232 263 233 
957 263 232 262 
958 320 321 290 
959 321 291 290 
960 291 321 292 
961 321 322 292 
962 303 332 333 
963 303 302 332 
964 334 303 333 
965 303 334 304 
966 273 303 274 
967 303 304 274 
968 334 305 304 
969 305 334 335 
970 279 310 280 
971 310 279 309 
972 279 250 249 
973 250 279 280 
974 164 163 193 
975 194 164 193 
976 164 194 195 
977 165 164 195 
978 220 191 190 
979 221 191 220 
980 192 191 222 
981 191 221 222 
982 191 160 190 
983 160 191 161 
984 191 192 162 
985 161 191 162 
986 318 288 317 
987 288 287 317 
988 319 288 318 
989 288 319 289 
990 287 288 257 
991 288 258 257 
992 258 288 259 
993 288 289 259 
994 209 208 239 
995 208 238 239 
996 208 237 238 
997 237 208 207 
998 235 206 205 
999 206 235 236 
1000 206 237 207 
1001 237 206 236 
1002 694 724 695 
1003 695 724 725 
1004 723 724 693 
1005 724 694 693 
1006 724 755 725 
1007 755 724 754 
1008 753 783 784 
1009 753 784 754 
1010 753 724 723 
1011 724 753 754 
1012 753 723 722 
1013 752 753 722 
1014 782 751 781 
1015 751 782 752 
1016 753 782 783 
1017 782 753 752 
1018 707 736 737 
1019 707 706 736 
1020 676 707 677 
1021 707 676 706 
1022 707 708 678 
1023 677 707 678 
1024 707 738 708 
1025 738 707 737 
1026 676 705 706 
1027 705 676 675 
1028 674 705 675 
1029 705 674 704 
1030 763 733 762 
1031 762 733 732 
1032 635 636 605 
1033 636 606 605 
1034 607 636 637 
1035 606 636 607 
1036 636 635 665 
1037 666 636 665 
1038 636 666 667 
1039 637 636 667 
1040 878 847 877 
1041 848 847 878 
1042 847 818 817 
1043 818 847 848 
1044 842 873 843 
1045 842 872 873 
1046 871 842 841 
1047 872 842 871 
1048 787 786 817 
1049 786 816 817 
1050 786 785 815 
1051 816 786 815 
1052 755 786 756 
1053 786 755 785 
1054 498 467 497 
1055 467 498 468 
1056 498 499 469 
1057 498 469 468 
1058 527 498 497 
1059 528 498 527 
1060 498 528 529 
1061 499 498 529 
1062 533 502 532 
1063 502 533 503 
1064 502 531 532 
1065 531 502 501 
1066 473 502 503 
1067 472 502 473 
1068 501 502 471 
1069 502 472 471 
1070 588 589 558 
1071 589 559 558 
1072 560 589 590 
1073 559 589 560 
1074 619 589 618 
1075 589 588 618 
1076 589 619 620 
1077 590 589 620 
1078 559 530 529 
1079 530 559 560 
1080 530 561 531 
1081 561 530 560 
1082 499 530 500 
1083 530 499 529 
1084 530 501 500 
1085 530 531 501 
1086 591 560 590 
1087 591 561 560 
1088 591 592 562 
1089 561 591 562 
1090 621 591 620 
1091 591 590 620 
1092 591 621 622 
1093 592 591 622 
1094 550 580 551 
1095 551 580 581 
1096 579 580 549 
1097 580 550 549 
1098 580 611 581 
1099 580 610 611 
1100 580 579 609 
1101 610 580 609 
1102 584 615 585 
1103 615 584 614 
1104 700 699 729 
1105 730 700 729 
1106 701 700 731 
1107 731 700 730 
1108 669 700 670 
1109 699 700 669 
1110 700 701 671 
1111 700 671 670 
1112 740 770 741 
1113 741 770 771 
1114 770 801 771 
1115 801 770 800 
1116 770 799 800 
1117 770 769 799 
1118 768 767 797 
1119 798 768 797 
1120 769 768 799 
1121 768 798 799 
1122 767 768 737 
1123 768 738 737 
1124 741 742 711 
1125 742 712 711 
1126 772 742 771 
1127 742 741 771 
1128 804 834 805 
1129 805 834 835 
1130 833 834 803 
1131 834 804 803 
1132 834 865 835 
1133 834 864 865 
1134 864 834 863 
1135 834 833 863 
1136 598 599 569 
1137 568 598 569 
1138 598 567 597 
1139 567 598 568 
1140 599 598 629 
1141 598 628 629 
1142 598 597 627 
1143 628 598 627 
1144 684 685 654 
1145 685 655 654 
1146 685 686 656 
1147 655 685 656 
1148 749 778 779 
1149 778 749 748 
1150 727 698 697 
1151 698 727 728 
1152 727 697 696 
1153 726 727 696 
1154 823 794 793 
1155 794 823 824 
1156 792 823 793 
1157 822 823 792 
1158 823 854 824 
1159 854 823 853 
1160 823 852 853 
1161 823 822 852 
1162 827 828 797 
1163 828 798 797 
1164 798 828 799 
1165 828 829 799 
1166 801 830 831 
1167 830 801 800 
1168 799 830 800 
1169 829 830 799 
1170 830 861 831 
1171 830 860 861 
1172 860 830 859 
1173 830 829 859 
1174 860 890 861 
1175 861 890 891 
1176 885 854 884 
1177 854 885 855 
1178 272 301 302 
1179 301 272 271 
1180 303 272 302 
1181 272 303 273 
1182 244 214 243 
1183 243 214 213 
1184 214 245 215 
1185 214 244 245 
1186 183 214 184 
1187 213 214 183 
1188 214 215 185 
1189 214 185 184 
1190 431 460 461 
1191 460 431 430 
1192 460 429 459 
1193 429 460 430 
1194 491 460 490 
1195 461 460 491 
1196 460 489 490 
1197 460 459 489 
1198 522 493 492 
1199 493 522 523 
1200 493 523 524 
1201 494 493 524 
1202 462 491 492 
1203 462 461 491 
1204 493 462 492 
1205 462 493 463 
1206 462 431 461 
1207 431 462 432 
1208 433 462 463 
1209 462 433 432 
1210 433 434 404 
1211 433 404 403 
1212 464 435 434 
1213 464 465 435 
1214 464 433 463 
1215 433 464 434 
1216 495 464 494 
1217 464 495 465 
1218 464 493 494 
1219 493 464 463 
1220 396 366 365 
1221 396 365 395 
1222 396 425 426 
1223 425 396 395 
1224 338 368 339 
1225 339 368 369 
1226 367 368 337 
1227 368 338 337 
1228 368 398 399 
1229 368 399 369 
1230 308 339 309 
1231 308 338 339 
1232 338 308 337 
1233 308 307 337 
1234 279 308 309 
1235 308 279 278 
1236 370 340 339 
1237 370 339 369 
1238 370 371 341 
1239 340 370 341 
1240 393 363 362 
1241 392 393 362 
1242 393 364 363 
1243 393 394 364 
1244 422 393 392 
1245 393 422 423 
1246 424 393 423 
1247 394 393 424 
1248 452 453 423 
1249 422 452 423 
1250 451 452 421 
1251 452 422 421 
1252 483 452 482 
1253 452 483 453 
1254 452 481 482 
1255 452 451 481 
1256 268 269 239 
1257 238 268 239 
1258 269 268 299 
1259 299 268 298 
1260 265 235 234 
1261 265 234 264 
1262 235 265 236 
1263 265 266 236 
1264 295 265 294 
1265 294 265 264 
1266 265 295 296 
1267 266 265 296 
1268 448 418 417 
1269 448 417 447 
1270 448 449 419 
1271 418 448 419 
1272 417 416 447 
1273 416 446 447 
1274 384 354 353 
1275 384 353 383 
1276 354 384 355 
1277 384 385 355 
1278 356 325 355 
1279 356 326 325 
1280 326 356 327 
1281 356 357 327 
1282 351 320 350 
1283 351 321 320 
1284 351 352 322 
1285 321 351 322 
1286 479 478 509 
1287 478 508 509 
1288 449 478 479 
1289 448 478 449 
1290 478 448 447 
1291 477 478 447 
1292 537 507 536 
1293 507 506 536 
1294 508 507 538 
1295 507 537 538 
1296 478 507 508 
1297 507 478 477 
1298 409 408 438 
1299 439 409 438 
1300 409 439 440 
1301 410 409 440 
1302 378 409 379 
1303 409 378 408 
1304 352 381 382 
1305 351 381 352 
1306 346 377 347 
1307 377 346 376 
1308 347 377 348 
1309 377 378 348 
1310 406 377 376 
1311 377 406 407 
1312 408 377 407 
1313 378 377 408 
1314 293 262 292 
1315 293 263 262 
1316 263 293 264 
1317 293 294 264 
1318 293 322 323 
1319 322 293 292 
1320 293 323 324 
1321 294 293 324 
1322 337 306 336 
1323 307 306 337 
1324 306 335 336 
1325 306 305 335 
1326 248 279 249 
1327 279 248 278 
1328 248 249 219 
1329 218 248 219 
1330 248 218 217 
1331 247 248 217 
1332 277 248 247 
1333 248 277 278 
1334 277 308 278 
1335 308 277 307 
1336 176 175 205 
1337 206 176 205 
1338 176 206 207 
1339 177 176 207 
1340 179 178 209 
1341 178 208 209 
1342 208 178 207 
1343 178 177 207 
1344 783 812 813 
1345 782 812 783 
1346 811 812 781 
1347 812 782 781 
1348 812 843 813 
1349 812 842 843 
1350 812 811 841 
1351 842 812 841 
1352 676 646 675 
1353 646 645 675 
1354 739 770 740 
1355 770 739 769 
1356 739 768 769 
1357 768 739 738 
1358 739 710 709 
1359 739 740 710 
1360 708 739 709 
1361 738 739 708 
1362 706 735 736 
1363 705 735 706 
1364 735 766 736 
1365 735 765 766 
1366 846 845 875 
1367 876 846 875 
1368 846 876 877 
1369 847 846 877 
1370 845 846 815 
1371 846 816 815 
1372 846 847 817 
1373 816 846 817 
1374 476 507 477 
1375 507 476 506 
1376 476 477 447 
1377 446 476 447 
1378 506 535 536 
1379 505 535 506 
1380 535 565 566 
1381 536 535 566 
1382 641 640 670 
1383 671 641 670 
1384 641 671 672 
1385 642 641 672 
1386 610 641 611 
1387 641 610 640 
1388 612 641 642 
1389 641 612 611 
1390 612 582 581 
1391 611 612 581 
1392 836 806 835 
1393 806 805 835 
1394 806 836 837 
1395 807 806 837 
1396 808 838 839 
1397 809 808 839 
1398 838 808 837 
1399 808 807 837 
1400 808 809 779 
1401 778 808 779 
1402 659 688 689 
1403 688 659 658 
1404 657 688 658 
1405 688 657 687 
1406 688 719 689 
1407 719 688 718 
1408 749 719 748 
1409 719 718 748 
1410 712 743 713 
1411 742 743 712 
1412 757 786 787 
1413 786 757 756 
1414 788 757 787 
1415 758 757 788 
1416 757 726 756 
1417 757 727 726 
1418 727 757 728 
1419 757 758 728 
1420 790 759 789 
1421 760 759 790 
1422 759 788 789 
1423 759 758 788 
1424 759 760 730 
1425 759 730 729 
1426 728 759 729 
1427 758 759 728 
1428 889 860 859 
1429 889 890 860 
1430 885 856 855 
1431 856 885 886 
1432 887 856 886 
1433 856 887 857 
1434 825 856 826 
1435 856 825 855 
1436 826 856 827 
1437 856 857 827 
1438 828 858 829 
1439 829 858 859 
1440 858 828 827 
1441 857 858 827 
1442 889 858 888 
1443 858 889 859 
1444 858 887 888 
1445 887 858 857 
1446 271 242 241 
1447 272 242 271 
1448 242 273 243 
1449 242 272 273 
1450 211 242 212 
1451 241 242 211 
1452 242 213 212 
1453 242 243 213 
1454 196 165 195 
1455 196 166 165 
1456 167 196 197 
1457 166 196 167 
1458 226 196 225 
1459 196 195 225 
1460 227 196 226 
1461 197 196 227 
1462 169 198 199 
1463 168 198 169 
1464 198 167 197 
1465 198 168 167 
1466 198 229 199 
1467 229 198 228 
1468 198 227 228 
1469 198 197 227 
1470 429 400 399 
1471 400 429 430 
1472 431 400 430 
1473 401 400 431 
1474 399 400 369 
1475 400 370 369 
1476 370 400 371 
1477 400 401 371 
1478 373 402 403 
1479 372 402 373 
1480 402 372 371 
1481 401 402 371 
1482 433 402 432 
1483 402 433 403 
1484 402 431 432 
1485 402 401 431 
1486 484 454 453 
1487 483 484 453 
1488 454 484 455 
1489 484 485 455 
1490 484 483 513 
1491 514 484 513 
1492 484 514 515 
1493 485 484 515 
1494 457 487 458 
1495 487 488 458 
1496 518 487 517 
1497 488 487 518 
1498 397 368 367 
1499 368 397 398 
1500 366 397 367 
1501 396 397 366 
1502 397 427 428 
1503 398 397 428 
1504 427 397 426 
1505 397 396 426 
1506 297 267 296 
1507 267 266 296 
1508 267 297 298 
1509 268 267 298 
1510 267 237 236 
1511 266 267 236 
1512 237 267 238 
1513 267 268 238 
1514 384 415 385 
1515 415 384 414 
1516 444 415 414 
1517 445 415 444 
1518 416 415 446 
1519 415 445 446 
1520 387 388 358 
1521 357 387 358 
1522 387 418 388 
1523 418 387 417 
1524 413 384 383 
1525 384 413 414 
1526 382 413 383 
1527 412 413 382 
1528 413 443 444 
1529 413 444 414 
1530 413 442 443 
1531 413 412 442 
1532 380 409 410 
1533 409 380 379 
1534 349 380 350 
1535 380 349 379 
1536 380 351 350 
1537 380 381 351 
1538 411 380 410 
1539 380 411 381 
1540 381 411 382 
1541 411 412 382 
1542 441 411 440 
1543 411 410 440 
1544 442 411 441 
1545 412 411 442 
1546 215 246 216 
1547 245 246 215 
1548 246 217 216 
1549 246 247 217 
1550 304 275 274 
1551 305 275 304 
1552 275 244 274 
1553 244 275 245 
1554 647 648 618 
1555 617 647 618 
1556 648 647 678 
1557 647 677 678 
1558 647 676 677 
1559 647 646 676 
1560 616 647 617 
1561 647 616 646 
1562 646 616 645 
1563 616 615 645 
1564 586 616 587 
1565 616 617 587 
1566 616 586 585 
1567 615 616 585 
1568 703 672 702 
1569 703 673 672 
1570 674 703 704 
1571 673 703 674 
1572 703 702 732 
1573 733 703 732 
1574 644 674 675 
1575 645 644 675 
1576 644 615 614 
1577 615 644 645 
1578 703 734 704 
1579 734 703 733 
1580 734 705 704 
1581 734 735 705 
1582 734 763 764 
1583 734 733 763 
1584 765 734 764 
1585 735 734 765 
1586 475 474 504 
1587 505 475 504 
1588 476 475 506 
1589 475 505 506 
1590 474 475 444 
1591 475 445 444 
1592 475 476 446 
1593 445 475 446 
1594 534 504 503 
1595 533 534 503 
1596 534 535 505 
1597 534 505 504 
1598 534 563 564 
1599 534 533 563 
1600 565 534 564 
1601 535 534 565 
1602 806 776 805 
1603 776 775 805 
1604 776 745 775 
1605 776 746 745 
1606 717 688 687 
1607 688 717 718 
1608 686 717 687 
1609 716 717 686 
1610 683 714 684 
1611 714 683 713 
1612 773 742 772 
1613 773 743 742 
1614 773 802 803 
1615 773 772 802 
1616 455 486 456 
1617 485 486 455 
1618 486 457 456 
1619 486 487 457 
1620 516 486 515 
1621 486 485 515 
1622 486 516 517 
1623 487 486 517 
1624 386 415 416 
1625 415 386 385 
1626 386 416 417 
1627 387 386 417 
1628 385 386 355 
1629 386 356 355 
1630 356 386 357 
1631 386 387 357 
1632 276 306 307 
1633 277 276 307 
1634 306 276 305 
1635 276 275 305 
1636 276 277 247 
1637 246 276 247 
1638 276 246 245 
1639 275 276 245 
1640 613 584 583 
1641 584 613 614 
1642 582 613 583 
1643 612 613 582 
1644 777 808 778 
1645 808 777 807 
1646 777 806 807 
1647 777 776 806 
1648 718 747 748 
1649 717 747 718 
1650 747 717 716 
1651 746 747 716 
1652 747 778 748 
1653 747 777 778 
1654 776 747 746 
1655 777 747 776 
1656 746 715 745 
1657 715 746 716 
1658 685 715 686 
1659 715 716 686 
1660 715 685 684 
1661 714 715 684 
1662 775 774 805 
1663 774 804 805 
1664 804 774 803 
1665 774 773 803 
1666 643 612 642 
1667 643 613 612 
1668 643 644 614 
1669 613 643 614 
1670 673 643 672 
1671 643 642 672 
1672 643 673 674 
1673 644 643 674 
1674 745 744 775 
1675 744 774 775 
1676 773 744 743 
1677 774 744 773 
1678 715 744 745 
1679 744 715 714 
1680 743 744 713 
1681 744 714 713 
